{
 "cells": [
  {
   "cell_type": "code",
   "execution_count": 1,
   "id": "focal-syndicate",
   "metadata": {},
   "outputs": [],
   "source": [
    "import numpy as np\n",
    "import pandas as pd\n",
    "import matplotlib.pyplot as plt\n",
    "import seaborn as sns"
   ]
  },
  {
   "cell_type": "code",
   "execution_count": 2,
   "id": "electrical-challenge",
   "metadata": {},
   "outputs": [],
   "source": [
    "from sklearn.model_selection import train_test_split as split\n",
    "from sklearn.linear_model import LinearRegression\n",
    "from sklearn.metrics import r2_score\n"
   ]
  },
  {
   "cell_type": "code",
   "execution_count": 68,
   "id": "rental-privilege",
   "metadata": {},
   "outputs": [],
   "source": [
    "tr=pd.read_csv(\"train.csv\")\n",
    "y=tr['target']"
   ]
  },
  {
   "cell_type": "code",
   "execution_count": 6,
   "id": "joined-drill",
   "metadata": {},
   "outputs": [
    {
     "data": {
      "text/html": [
       "<div>\n",
       "<style scoped>\n",
       "    .dataframe tbody tr th:only-of-type {\n",
       "        vertical-align: middle;\n",
       "    }\n",
       "\n",
       "    .dataframe tbody tr th {\n",
       "        vertical-align: top;\n",
       "    }\n",
       "\n",
       "    .dataframe thead th {\n",
       "        text-align: right;\n",
       "    }\n",
       "</style>\n",
       "<table border=\"1\" class=\"dataframe\">\n",
       "  <thead>\n",
       "    <tr style=\"text-align: right;\">\n",
       "      <th></th>\n",
       "      <th>id</th>\n",
       "      <th>cont1</th>\n",
       "      <th>cont2</th>\n",
       "      <th>cont3</th>\n",
       "      <th>cont4</th>\n",
       "      <th>cont5</th>\n",
       "      <th>cont6</th>\n",
       "      <th>cont7</th>\n",
       "      <th>cont8</th>\n",
       "      <th>cont9</th>\n",
       "      <th>cont10</th>\n",
       "      <th>cont11</th>\n",
       "      <th>cont12</th>\n",
       "      <th>cont13</th>\n",
       "      <th>cont14</th>\n",
       "      <th>target</th>\n",
       "    </tr>\n",
       "  </thead>\n",
       "  <tbody>\n",
       "    <tr>\n",
       "      <th>id</th>\n",
       "      <td>1.000000</td>\n",
       "      <td>-0.001454</td>\n",
       "      <td>0.000574</td>\n",
       "      <td>0.001609</td>\n",
       "      <td>0.002131</td>\n",
       "      <td>0.001959</td>\n",
       "      <td>-0.001971</td>\n",
       "      <td>-0.000155</td>\n",
       "      <td>0.002112</td>\n",
       "      <td>0.000030</td>\n",
       "      <td>-0.001652</td>\n",
       "      <td>-0.000484</td>\n",
       "      <td>-0.002075</td>\n",
       "      <td>-0.000577</td>\n",
       "      <td>0.001940</td>\n",
       "      <td>0.001347</td>\n",
       "    </tr>\n",
       "    <tr>\n",
       "      <th>cont1</th>\n",
       "      <td>-0.001454</td>\n",
       "      <td>1.000000</td>\n",
       "      <td>-0.080170</td>\n",
       "      <td>-0.419712</td>\n",
       "      <td>0.273705</td>\n",
       "      <td>-0.059012</td>\n",
       "      <td>0.698556</td>\n",
       "      <td>0.341478</td>\n",
       "      <td>0.373340</td>\n",
       "      <td>0.794003</td>\n",
       "      <td>0.725040</td>\n",
       "      <td>0.565717</td>\n",
       "      <td>0.600041</td>\n",
       "      <td>0.570382</td>\n",
       "      <td>0.067294</td>\n",
       "      <td>-0.032994</td>\n",
       "    </tr>\n",
       "    <tr>\n",
       "      <th>cont2</th>\n",
       "      <td>0.000574</td>\n",
       "      <td>-0.080170</td>\n",
       "      <td>1.000000</td>\n",
       "      <td>0.334487</td>\n",
       "      <td>-0.005533</td>\n",
       "      <td>0.150737</td>\n",
       "      <td>0.023692</td>\n",
       "      <td>0.116222</td>\n",
       "      <td>0.081049</td>\n",
       "      <td>-0.046769</td>\n",
       "      <td>0.035101</td>\n",
       "      <td>0.126024</td>\n",
       "      <td>0.092642</td>\n",
       "      <td>0.017383</td>\n",
       "      <td>0.023972</td>\n",
       "      <td>0.067102</td>\n",
       "    </tr>\n",
       "    <tr>\n",
       "      <th>cont3</th>\n",
       "      <td>0.001609</td>\n",
       "      <td>-0.419712</td>\n",
       "      <td>0.334487</td>\n",
       "      <td>1.000000</td>\n",
       "      <td>-0.329131</td>\n",
       "      <td>0.060931</td>\n",
       "      <td>-0.300509</td>\n",
       "      <td>0.106904</td>\n",
       "      <td>-0.309783</td>\n",
       "      <td>-0.406743</td>\n",
       "      <td>-0.289756</td>\n",
       "      <td>-0.075415</td>\n",
       "      <td>-0.103735</td>\n",
       "      <td>-0.386521</td>\n",
       "      <td>-0.065457</td>\n",
       "      <td>0.058936</td>\n",
       "    </tr>\n",
       "    <tr>\n",
       "      <th>cont4</th>\n",
       "      <td>0.002131</td>\n",
       "      <td>0.273705</td>\n",
       "      <td>-0.005533</td>\n",
       "      <td>-0.329131</td>\n",
       "      <td>1.000000</td>\n",
       "      <td>0.123526</td>\n",
       "      <td>0.152752</td>\n",
       "      <td>-0.077045</td>\n",
       "      <td>0.324784</td>\n",
       "      <td>0.261927</td>\n",
       "      <td>0.204139</td>\n",
       "      <td>0.063961</td>\n",
       "      <td>0.073291</td>\n",
       "      <td>0.155226</td>\n",
       "      <td>0.054703</td>\n",
       "      <td>0.005522</td>\n",
       "    </tr>\n",
       "    <tr>\n",
       "      <th>cont5</th>\n",
       "      <td>0.001959</td>\n",
       "      <td>-0.059012</td>\n",
       "      <td>0.150737</td>\n",
       "      <td>0.060931</td>\n",
       "      <td>0.123526</td>\n",
       "      <td>1.000000</td>\n",
       "      <td>-0.179084</td>\n",
       "      <td>-0.241272</td>\n",
       "      <td>0.010438</td>\n",
       "      <td>-0.071764</td>\n",
       "      <td>-0.102531</td>\n",
       "      <td>-0.222244</td>\n",
       "      <td>-0.192571</td>\n",
       "      <td>-0.140272</td>\n",
       "      <td>0.040552</td>\n",
       "      <td>-0.005358</td>\n",
       "    </tr>\n",
       "    <tr>\n",
       "      <th>cont6</th>\n",
       "      <td>-0.001971</td>\n",
       "      <td>0.698556</td>\n",
       "      <td>0.023692</td>\n",
       "      <td>-0.300509</td>\n",
       "      <td>0.152752</td>\n",
       "      <td>-0.179084</td>\n",
       "      <td>1.000000</td>\n",
       "      <td>0.541975</td>\n",
       "      <td>0.415008</td>\n",
       "      <td>0.716613</td>\n",
       "      <td>0.770628</td>\n",
       "      <td>0.737495</td>\n",
       "      <td>0.757105</td>\n",
       "      <td>0.783604</td>\n",
       "      <td>0.067007</td>\n",
       "      <td>0.027955</td>\n",
       "    </tr>\n",
       "    <tr>\n",
       "      <th>cont7</th>\n",
       "      <td>-0.000155</td>\n",
       "      <td>0.341478</td>\n",
       "      <td>0.116222</td>\n",
       "      <td>0.106904</td>\n",
       "      <td>-0.077045</td>\n",
       "      <td>-0.241272</td>\n",
       "      <td>0.541975</td>\n",
       "      <td>1.000000</td>\n",
       "      <td>0.150403</td>\n",
       "      <td>0.341759</td>\n",
       "      <td>0.465418</td>\n",
       "      <td>0.672188</td>\n",
       "      <td>0.657310</td>\n",
       "      <td>0.322415</td>\n",
       "      <td>-0.037135</td>\n",
       "      <td>0.067234</td>\n",
       "    </tr>\n",
       "    <tr>\n",
       "      <th>cont8</th>\n",
       "      <td>0.002112</td>\n",
       "      <td>0.373340</td>\n",
       "      <td>0.081049</td>\n",
       "      <td>-0.309783</td>\n",
       "      <td>0.324784</td>\n",
       "      <td>0.010438</td>\n",
       "      <td>0.415008</td>\n",
       "      <td>0.150403</td>\n",
       "      <td>1.000000</td>\n",
       "      <td>0.429986</td>\n",
       "      <td>0.362336</td>\n",
       "      <td>0.296598</td>\n",
       "      <td>0.323042</td>\n",
       "      <td>0.475072</td>\n",
       "      <td>0.100645</td>\n",
       "      <td>0.014698</td>\n",
       "    </tr>\n",
       "    <tr>\n",
       "      <th>cont9</th>\n",
       "      <td>0.000030</td>\n",
       "      <td>0.794003</td>\n",
       "      <td>-0.046769</td>\n",
       "      <td>-0.406743</td>\n",
       "      <td>0.261927</td>\n",
       "      <td>-0.071764</td>\n",
       "      <td>0.716613</td>\n",
       "      <td>0.341759</td>\n",
       "      <td>0.429986</td>\n",
       "      <td>1.000000</td>\n",
       "      <td>0.725053</td>\n",
       "      <td>0.575095</td>\n",
       "      <td>0.605091</td>\n",
       "      <td>0.628391</td>\n",
       "      <td>0.081992</td>\n",
       "      <td>-0.013029</td>\n",
       "    </tr>\n",
       "    <tr>\n",
       "      <th>cont10</th>\n",
       "      <td>-0.001652</td>\n",
       "      <td>0.725040</td>\n",
       "      <td>0.035101</td>\n",
       "      <td>-0.289756</td>\n",
       "      <td>0.204139</td>\n",
       "      <td>-0.102531</td>\n",
       "      <td>0.770628</td>\n",
       "      <td>0.465418</td>\n",
       "      <td>0.362336</td>\n",
       "      <td>0.725053</td>\n",
       "      <td>1.000000</td>\n",
       "      <td>0.677570</td>\n",
       "      <td>0.701872</td>\n",
       "      <td>0.650809</td>\n",
       "      <td>0.047727</td>\n",
       "      <td>-0.021143</td>\n",
       "    </tr>\n",
       "    <tr>\n",
       "      <th>cont11</th>\n",
       "      <td>-0.000484</td>\n",
       "      <td>0.565717</td>\n",
       "      <td>0.126024</td>\n",
       "      <td>-0.075415</td>\n",
       "      <td>0.063961</td>\n",
       "      <td>-0.222244</td>\n",
       "      <td>0.737495</td>\n",
       "      <td>0.672188</td>\n",
       "      <td>0.296598</td>\n",
       "      <td>0.575095</td>\n",
       "      <td>0.677570</td>\n",
       "      <td>1.000000</td>\n",
       "      <td>0.825869</td>\n",
       "      <td>0.558546</td>\n",
       "      <td>0.011074</td>\n",
       "      <td>0.050996</td>\n",
       "    </tr>\n",
       "    <tr>\n",
       "      <th>cont12</th>\n",
       "      <td>-0.002075</td>\n",
       "      <td>0.600041</td>\n",
       "      <td>0.092642</td>\n",
       "      <td>-0.103735</td>\n",
       "      <td>0.073291</td>\n",
       "      <td>-0.192571</td>\n",
       "      <td>0.757105</td>\n",
       "      <td>0.657310</td>\n",
       "      <td>0.323042</td>\n",
       "      <td>0.605091</td>\n",
       "      <td>0.701872</td>\n",
       "      <td>0.825869</td>\n",
       "      <td>1.000000</td>\n",
       "      <td>0.565462</td>\n",
       "      <td>0.022697</td>\n",
       "      <td>0.047809</td>\n",
       "    </tr>\n",
       "    <tr>\n",
       "      <th>cont13</th>\n",
       "      <td>-0.000577</td>\n",
       "      <td>0.570382</td>\n",
       "      <td>0.017383</td>\n",
       "      <td>-0.386521</td>\n",
       "      <td>0.155226</td>\n",
       "      <td>-0.140272</td>\n",
       "      <td>0.783604</td>\n",
       "      <td>0.322415</td>\n",
       "      <td>0.475072</td>\n",
       "      <td>0.628391</td>\n",
       "      <td>0.650809</td>\n",
       "      <td>0.558546</td>\n",
       "      <td>0.565462</td>\n",
       "      <td>1.000000</td>\n",
       "      <td>0.103839</td>\n",
       "      <td>-0.006642</td>\n",
       "    </tr>\n",
       "    <tr>\n",
       "      <th>cont14</th>\n",
       "      <td>0.001940</td>\n",
       "      <td>0.067294</td>\n",
       "      <td>0.023972</td>\n",
       "      <td>-0.065457</td>\n",
       "      <td>0.054703</td>\n",
       "      <td>0.040552</td>\n",
       "      <td>0.067007</td>\n",
       "      <td>-0.037135</td>\n",
       "      <td>0.100645</td>\n",
       "      <td>0.081992</td>\n",
       "      <td>0.047727</td>\n",
       "      <td>0.011074</td>\n",
       "      <td>0.022697</td>\n",
       "      <td>0.103839</td>\n",
       "      <td>1.000000</td>\n",
       "      <td>-0.006609</td>\n",
       "    </tr>\n",
       "    <tr>\n",
       "      <th>target</th>\n",
       "      <td>0.001347</td>\n",
       "      <td>-0.032994</td>\n",
       "      <td>0.067102</td>\n",
       "      <td>0.058936</td>\n",
       "      <td>0.005522</td>\n",
       "      <td>-0.005358</td>\n",
       "      <td>0.027955</td>\n",
       "      <td>0.067234</td>\n",
       "      <td>0.014698</td>\n",
       "      <td>-0.013029</td>\n",
       "      <td>-0.021143</td>\n",
       "      <td>0.050996</td>\n",
       "      <td>0.047809</td>\n",
       "      <td>-0.006642</td>\n",
       "      <td>-0.006609</td>\n",
       "      <td>1.000000</td>\n",
       "    </tr>\n",
       "  </tbody>\n",
       "</table>\n",
       "</div>"
      ],
      "text/plain": [
       "              id     cont1     cont2     cont3     cont4     cont5     cont6  \\\n",
       "id      1.000000 -0.001454  0.000574  0.001609  0.002131  0.001959 -0.001971   \n",
       "cont1  -0.001454  1.000000 -0.080170 -0.419712  0.273705 -0.059012  0.698556   \n",
       "cont2   0.000574 -0.080170  1.000000  0.334487 -0.005533  0.150737  0.023692   \n",
       "cont3   0.001609 -0.419712  0.334487  1.000000 -0.329131  0.060931 -0.300509   \n",
       "cont4   0.002131  0.273705 -0.005533 -0.329131  1.000000  0.123526  0.152752   \n",
       "cont5   0.001959 -0.059012  0.150737  0.060931  0.123526  1.000000 -0.179084   \n",
       "cont6  -0.001971  0.698556  0.023692 -0.300509  0.152752 -0.179084  1.000000   \n",
       "cont7  -0.000155  0.341478  0.116222  0.106904 -0.077045 -0.241272  0.541975   \n",
       "cont8   0.002112  0.373340  0.081049 -0.309783  0.324784  0.010438  0.415008   \n",
       "cont9   0.000030  0.794003 -0.046769 -0.406743  0.261927 -0.071764  0.716613   \n",
       "cont10 -0.001652  0.725040  0.035101 -0.289756  0.204139 -0.102531  0.770628   \n",
       "cont11 -0.000484  0.565717  0.126024 -0.075415  0.063961 -0.222244  0.737495   \n",
       "cont12 -0.002075  0.600041  0.092642 -0.103735  0.073291 -0.192571  0.757105   \n",
       "cont13 -0.000577  0.570382  0.017383 -0.386521  0.155226 -0.140272  0.783604   \n",
       "cont14  0.001940  0.067294  0.023972 -0.065457  0.054703  0.040552  0.067007   \n",
       "target  0.001347 -0.032994  0.067102  0.058936  0.005522 -0.005358  0.027955   \n",
       "\n",
       "           cont7     cont8     cont9    cont10    cont11    cont12    cont13  \\\n",
       "id     -0.000155  0.002112  0.000030 -0.001652 -0.000484 -0.002075 -0.000577   \n",
       "cont1   0.341478  0.373340  0.794003  0.725040  0.565717  0.600041  0.570382   \n",
       "cont2   0.116222  0.081049 -0.046769  0.035101  0.126024  0.092642  0.017383   \n",
       "cont3   0.106904 -0.309783 -0.406743 -0.289756 -0.075415 -0.103735 -0.386521   \n",
       "cont4  -0.077045  0.324784  0.261927  0.204139  0.063961  0.073291  0.155226   \n",
       "cont5  -0.241272  0.010438 -0.071764 -0.102531 -0.222244 -0.192571 -0.140272   \n",
       "cont6   0.541975  0.415008  0.716613  0.770628  0.737495  0.757105  0.783604   \n",
       "cont7   1.000000  0.150403  0.341759  0.465418  0.672188  0.657310  0.322415   \n",
       "cont8   0.150403  1.000000  0.429986  0.362336  0.296598  0.323042  0.475072   \n",
       "cont9   0.341759  0.429986  1.000000  0.725053  0.575095  0.605091  0.628391   \n",
       "cont10  0.465418  0.362336  0.725053  1.000000  0.677570  0.701872  0.650809   \n",
       "cont11  0.672188  0.296598  0.575095  0.677570  1.000000  0.825869  0.558546   \n",
       "cont12  0.657310  0.323042  0.605091  0.701872  0.825869  1.000000  0.565462   \n",
       "cont13  0.322415  0.475072  0.628391  0.650809  0.558546  0.565462  1.000000   \n",
       "cont14 -0.037135  0.100645  0.081992  0.047727  0.011074  0.022697  0.103839   \n",
       "target  0.067234  0.014698 -0.013029 -0.021143  0.050996  0.047809 -0.006642   \n",
       "\n",
       "          cont14    target  \n",
       "id      0.001940  0.001347  \n",
       "cont1   0.067294 -0.032994  \n",
       "cont2   0.023972  0.067102  \n",
       "cont3  -0.065457  0.058936  \n",
       "cont4   0.054703  0.005522  \n",
       "cont5   0.040552 -0.005358  \n",
       "cont6   0.067007  0.027955  \n",
       "cont7  -0.037135  0.067234  \n",
       "cont8   0.100645  0.014698  \n",
       "cont9   0.081992 -0.013029  \n",
       "cont10  0.047727 -0.021143  \n",
       "cont11  0.011074  0.050996  \n",
       "cont12  0.022697  0.047809  \n",
       "cont13  0.103839 -0.006642  \n",
       "cont14  1.000000 -0.006609  \n",
       "target -0.006609  1.000000  "
      ]
     },
     "execution_count": 6,
     "metadata": {},
     "output_type": "execute_result"
    }
   ],
   "source": [
    "train.corr()"
   ]
  },
  {
   "cell_type": "code",
   "execution_count": 10,
   "id": "satisfied-gibson",
   "metadata": {},
   "outputs": [],
   "source": [
    "le=LinearRegression()"
   ]
  },
  {
   "cell_type": "code",
   "execution_count": 41,
   "id": "express-optics",
   "metadata": {},
   "outputs": [],
   "source": []
  },
  {
   "cell_type": "code",
   "execution_count": 7,
   "id": "plastic-times",
   "metadata": {},
   "outputs": [
    {
     "data": {
      "text/html": [
       "<div>\n",
       "<style scoped>\n",
       "    .dataframe tbody tr th:only-of-type {\n",
       "        vertical-align: middle;\n",
       "    }\n",
       "\n",
       "    .dataframe tbody tr th {\n",
       "        vertical-align: top;\n",
       "    }\n",
       "\n",
       "    .dataframe thead th {\n",
       "        text-align: right;\n",
       "    }\n",
       "</style>\n",
       "<table border=\"1\" class=\"dataframe\">\n",
       "  <thead>\n",
       "    <tr style=\"text-align: right;\">\n",
       "      <th></th>\n",
       "      <th>id</th>\n",
       "      <th>cont1</th>\n",
       "      <th>cont2</th>\n",
       "      <th>cont3</th>\n",
       "      <th>cont4</th>\n",
       "      <th>cont5</th>\n",
       "      <th>cont6</th>\n",
       "      <th>cont7</th>\n",
       "      <th>cont8</th>\n",
       "      <th>cont9</th>\n",
       "      <th>cont10</th>\n",
       "      <th>cont11</th>\n",
       "      <th>cont12</th>\n",
       "      <th>cont13</th>\n",
       "      <th>cont14</th>\n",
       "      <th>target</th>\n",
       "    </tr>\n",
       "  </thead>\n",
       "  <tbody>\n",
       "    <tr>\n",
       "      <th>0</th>\n",
       "      <td>1</td>\n",
       "      <td>0.670390</td>\n",
       "      <td>0.811300</td>\n",
       "      <td>0.643968</td>\n",
       "      <td>0.291791</td>\n",
       "      <td>0.284117</td>\n",
       "      <td>0.855953</td>\n",
       "      <td>0.890700</td>\n",
       "      <td>0.285542</td>\n",
       "      <td>0.558245</td>\n",
       "      <td>0.779418</td>\n",
       "      <td>0.921832</td>\n",
       "      <td>0.866772</td>\n",
       "      <td>0.878733</td>\n",
       "      <td>0.305411</td>\n",
       "      <td>7.243043</td>\n",
       "    </tr>\n",
       "    <tr>\n",
       "      <th>1</th>\n",
       "      <td>3</td>\n",
       "      <td>0.388053</td>\n",
       "      <td>0.621104</td>\n",
       "      <td>0.686102</td>\n",
       "      <td>0.501149</td>\n",
       "      <td>0.643790</td>\n",
       "      <td>0.449805</td>\n",
       "      <td>0.510824</td>\n",
       "      <td>0.580748</td>\n",
       "      <td>0.418335</td>\n",
       "      <td>0.432632</td>\n",
       "      <td>0.439872</td>\n",
       "      <td>0.434971</td>\n",
       "      <td>0.369957</td>\n",
       "      <td>0.369484</td>\n",
       "      <td>8.203331</td>\n",
       "    </tr>\n",
       "    <tr>\n",
       "      <th>2</th>\n",
       "      <td>4</td>\n",
       "      <td>0.834950</td>\n",
       "      <td>0.227436</td>\n",
       "      <td>0.301584</td>\n",
       "      <td>0.293408</td>\n",
       "      <td>0.606839</td>\n",
       "      <td>0.829175</td>\n",
       "      <td>0.506143</td>\n",
       "      <td>0.558771</td>\n",
       "      <td>0.587603</td>\n",
       "      <td>0.823312</td>\n",
       "      <td>0.567007</td>\n",
       "      <td>0.677708</td>\n",
       "      <td>0.882938</td>\n",
       "      <td>0.303047</td>\n",
       "      <td>7.776091</td>\n",
       "    </tr>\n",
       "    <tr>\n",
       "      <th>3</th>\n",
       "      <td>5</td>\n",
       "      <td>0.820708</td>\n",
       "      <td>0.160155</td>\n",
       "      <td>0.546887</td>\n",
       "      <td>0.726104</td>\n",
       "      <td>0.282444</td>\n",
       "      <td>0.785108</td>\n",
       "      <td>0.752758</td>\n",
       "      <td>0.823267</td>\n",
       "      <td>0.574466</td>\n",
       "      <td>0.580843</td>\n",
       "      <td>0.769594</td>\n",
       "      <td>0.818143</td>\n",
       "      <td>0.914281</td>\n",
       "      <td>0.279528</td>\n",
       "      <td>6.957716</td>\n",
       "    </tr>\n",
       "    <tr>\n",
       "      <th>4</th>\n",
       "      <td>8</td>\n",
       "      <td>0.935278</td>\n",
       "      <td>0.421235</td>\n",
       "      <td>0.303801</td>\n",
       "      <td>0.880214</td>\n",
       "      <td>0.665610</td>\n",
       "      <td>0.830131</td>\n",
       "      <td>0.487113</td>\n",
       "      <td>0.604157</td>\n",
       "      <td>0.874658</td>\n",
       "      <td>0.863427</td>\n",
       "      <td>0.983575</td>\n",
       "      <td>0.900464</td>\n",
       "      <td>0.935918</td>\n",
       "      <td>0.435772</td>\n",
       "      <td>7.951046</td>\n",
       "    </tr>\n",
       "    <tr>\n",
       "      <th>...</th>\n",
       "      <td>...</td>\n",
       "      <td>...</td>\n",
       "      <td>...</td>\n",
       "      <td>...</td>\n",
       "      <td>...</td>\n",
       "      <td>...</td>\n",
       "      <td>...</td>\n",
       "      <td>...</td>\n",
       "      <td>...</td>\n",
       "      <td>...</td>\n",
       "      <td>...</td>\n",
       "      <td>...</td>\n",
       "      <td>...</td>\n",
       "      <td>...</td>\n",
       "      <td>...</td>\n",
       "      <td>...</td>\n",
       "    </tr>\n",
       "    <tr>\n",
       "      <th>299995</th>\n",
       "      <td>499995</td>\n",
       "      <td>0.216974</td>\n",
       "      <td>0.735265</td>\n",
       "      <td>0.648648</td>\n",
       "      <td>0.255387</td>\n",
       "      <td>0.616353</td>\n",
       "      <td>0.345197</td>\n",
       "      <td>0.295718</td>\n",
       "      <td>0.304357</td>\n",
       "      <td>0.314351</td>\n",
       "      <td>0.860504</td>\n",
       "      <td>0.315397</td>\n",
       "      <td>0.247682</td>\n",
       "      <td>0.486542</td>\n",
       "      <td>0.288750</td>\n",
       "      <td>7.385215</td>\n",
       "    </tr>\n",
       "    <tr>\n",
       "      <th>299996</th>\n",
       "      <td>499996</td>\n",
       "      <td>0.545799</td>\n",
       "      <td>0.165139</td>\n",
       "      <td>0.220966</td>\n",
       "      <td>0.190053</td>\n",
       "      <td>0.359362</td>\n",
       "      <td>0.386336</td>\n",
       "      <td>0.365767</td>\n",
       "      <td>0.344217</td>\n",
       "      <td>0.466446</td>\n",
       "      <td>0.454581</td>\n",
       "      <td>0.360251</td>\n",
       "      <td>0.360755</td>\n",
       "      <td>0.292535</td>\n",
       "      <td>0.619984</td>\n",
       "      <td>7.242617</td>\n",
       "    </tr>\n",
       "    <tr>\n",
       "      <th>299997</th>\n",
       "      <td>499997</td>\n",
       "      <td>0.284401</td>\n",
       "      <td>0.841542</td>\n",
       "      <td>0.957585</td>\n",
       "      <td>0.340383</td>\n",
       "      <td>0.396279</td>\n",
       "      <td>0.330376</td>\n",
       "      <td>0.525687</td>\n",
       "      <td>0.260039</td>\n",
       "      <td>0.378174</td>\n",
       "      <td>0.526925</td>\n",
       "      <td>0.491735</td>\n",
       "      <td>0.516629</td>\n",
       "      <td>0.173521</td>\n",
       "      <td>0.714552</td>\n",
       "      <td>9.592487</td>\n",
       "    </tr>\n",
       "    <tr>\n",
       "      <th>299998</th>\n",
       "      <td>499998</td>\n",
       "      <td>0.481900</td>\n",
       "      <td>0.622346</td>\n",
       "      <td>0.540032</td>\n",
       "      <td>0.823118</td>\n",
       "      <td>0.283066</td>\n",
       "      <td>0.434283</td>\n",
       "      <td>0.174342</td>\n",
       "      <td>0.710843</td>\n",
       "      <td>0.358690</td>\n",
       "      <td>0.648272</td>\n",
       "      <td>0.984647</td>\n",
       "      <td>1.001110</td>\n",
       "      <td>0.063956</td>\n",
       "      <td>0.377693</td>\n",
       "      <td>8.207951</td>\n",
       "    </tr>\n",
       "    <tr>\n",
       "      <th>299999</th>\n",
       "      <td>499999</td>\n",
       "      <td>0.486632</td>\n",
       "      <td>0.230090</td>\n",
       "      <td>0.543587</td>\n",
       "      <td>0.263878</td>\n",
       "      <td>0.279118</td>\n",
       "      <td>0.636295</td>\n",
       "      <td>0.472391</td>\n",
       "      <td>0.339654</td>\n",
       "      <td>0.444787</td>\n",
       "      <td>0.636765</td>\n",
       "      <td>0.782196</td>\n",
       "      <td>0.559692</td>\n",
       "      <td>0.762954</td>\n",
       "      <td>0.215539</td>\n",
       "      <td>8.890285</td>\n",
       "    </tr>\n",
       "  </tbody>\n",
       "</table>\n",
       "<p>300000 rows × 16 columns</p>\n",
       "</div>"
      ],
      "text/plain": [
       "            id     cont1     cont2     cont3     cont4     cont5     cont6  \\\n",
       "0            1  0.670390  0.811300  0.643968  0.291791  0.284117  0.855953   \n",
       "1            3  0.388053  0.621104  0.686102  0.501149  0.643790  0.449805   \n",
       "2            4  0.834950  0.227436  0.301584  0.293408  0.606839  0.829175   \n",
       "3            5  0.820708  0.160155  0.546887  0.726104  0.282444  0.785108   \n",
       "4            8  0.935278  0.421235  0.303801  0.880214  0.665610  0.830131   \n",
       "...        ...       ...       ...       ...       ...       ...       ...   \n",
       "299995  499995  0.216974  0.735265  0.648648  0.255387  0.616353  0.345197   \n",
       "299996  499996  0.545799  0.165139  0.220966  0.190053  0.359362  0.386336   \n",
       "299997  499997  0.284401  0.841542  0.957585  0.340383  0.396279  0.330376   \n",
       "299998  499998  0.481900  0.622346  0.540032  0.823118  0.283066  0.434283   \n",
       "299999  499999  0.486632  0.230090  0.543587  0.263878  0.279118  0.636295   \n",
       "\n",
       "           cont7     cont8     cont9    cont10    cont11    cont12    cont13  \\\n",
       "0       0.890700  0.285542  0.558245  0.779418  0.921832  0.866772  0.878733   \n",
       "1       0.510824  0.580748  0.418335  0.432632  0.439872  0.434971  0.369957   \n",
       "2       0.506143  0.558771  0.587603  0.823312  0.567007  0.677708  0.882938   \n",
       "3       0.752758  0.823267  0.574466  0.580843  0.769594  0.818143  0.914281   \n",
       "4       0.487113  0.604157  0.874658  0.863427  0.983575  0.900464  0.935918   \n",
       "...          ...       ...       ...       ...       ...       ...       ...   \n",
       "299995  0.295718  0.304357  0.314351  0.860504  0.315397  0.247682  0.486542   \n",
       "299996  0.365767  0.344217  0.466446  0.454581  0.360251  0.360755  0.292535   \n",
       "299997  0.525687  0.260039  0.378174  0.526925  0.491735  0.516629  0.173521   \n",
       "299998  0.174342  0.710843  0.358690  0.648272  0.984647  1.001110  0.063956   \n",
       "299999  0.472391  0.339654  0.444787  0.636765  0.782196  0.559692  0.762954   \n",
       "\n",
       "          cont14    target  \n",
       "0       0.305411  7.243043  \n",
       "1       0.369484  8.203331  \n",
       "2       0.303047  7.776091  \n",
       "3       0.279528  6.957716  \n",
       "4       0.435772  7.951046  \n",
       "...          ...       ...  \n",
       "299995  0.288750  7.385215  \n",
       "299996  0.619984  7.242617  \n",
       "299997  0.714552  9.592487  \n",
       "299998  0.377693  8.207951  \n",
       "299999  0.215539  8.890285  \n",
       "\n",
       "[300000 rows x 16 columns]"
      ]
     },
     "execution_count": 7,
     "metadata": {},
     "output_type": "execute_result"
    }
   ],
   "source": [
    "train"
   ]
  },
  {
   "cell_type": "code",
   "execution_count": 26,
   "id": "ready-forward",
   "metadata": {},
   "outputs": [
    {
     "data": {
      "text/html": [
       "<div>\n",
       "<style scoped>\n",
       "    .dataframe tbody tr th:only-of-type {\n",
       "        vertical-align: middle;\n",
       "    }\n",
       "\n",
       "    .dataframe tbody tr th {\n",
       "        vertical-align: top;\n",
       "    }\n",
       "\n",
       "    .dataframe thead th {\n",
       "        text-align: right;\n",
       "    }\n",
       "</style>\n",
       "<table border=\"1\" class=\"dataframe\">\n",
       "  <thead>\n",
       "    <tr style=\"text-align: right;\">\n",
       "      <th></th>\n",
       "      <th>id</th>\n",
       "      <th>cont1</th>\n",
       "      <th>cont2</th>\n",
       "      <th>cont3</th>\n",
       "      <th>cont4</th>\n",
       "      <th>cont5</th>\n",
       "      <th>cont6</th>\n",
       "      <th>cont7</th>\n",
       "      <th>cont8</th>\n",
       "      <th>cont9</th>\n",
       "      <th>cont10</th>\n",
       "      <th>cont11</th>\n",
       "      <th>cont12</th>\n",
       "      <th>cont13</th>\n",
       "      <th>cont14</th>\n",
       "      <th>target</th>\n",
       "    </tr>\n",
       "  </thead>\n",
       "  <tbody>\n",
       "    <tr>\n",
       "      <th>id</th>\n",
       "      <td>1.000000</td>\n",
       "      <td>-0.001454</td>\n",
       "      <td>0.000574</td>\n",
       "      <td>0.001609</td>\n",
       "      <td>0.002131</td>\n",
       "      <td>0.001959</td>\n",
       "      <td>-0.001971</td>\n",
       "      <td>-0.000155</td>\n",
       "      <td>0.002112</td>\n",
       "      <td>0.000030</td>\n",
       "      <td>-0.001652</td>\n",
       "      <td>-0.000484</td>\n",
       "      <td>-0.002075</td>\n",
       "      <td>-0.000577</td>\n",
       "      <td>0.001940</td>\n",
       "      <td>0.001347</td>\n",
       "    </tr>\n",
       "    <tr>\n",
       "      <th>cont1</th>\n",
       "      <td>-0.001454</td>\n",
       "      <td>1.000000</td>\n",
       "      <td>-0.080170</td>\n",
       "      <td>-0.419712</td>\n",
       "      <td>0.273705</td>\n",
       "      <td>-0.059012</td>\n",
       "      <td>0.698556</td>\n",
       "      <td>0.341478</td>\n",
       "      <td>0.373340</td>\n",
       "      <td>0.794003</td>\n",
       "      <td>0.725040</td>\n",
       "      <td>0.565717</td>\n",
       "      <td>0.600041</td>\n",
       "      <td>0.570382</td>\n",
       "      <td>0.067294</td>\n",
       "      <td>-0.032994</td>\n",
       "    </tr>\n",
       "    <tr>\n",
       "      <th>cont2</th>\n",
       "      <td>0.000574</td>\n",
       "      <td>-0.080170</td>\n",
       "      <td>1.000000</td>\n",
       "      <td>0.334487</td>\n",
       "      <td>-0.005533</td>\n",
       "      <td>0.150737</td>\n",
       "      <td>0.023692</td>\n",
       "      <td>0.116222</td>\n",
       "      <td>0.081049</td>\n",
       "      <td>-0.046769</td>\n",
       "      <td>0.035101</td>\n",
       "      <td>0.126024</td>\n",
       "      <td>0.092642</td>\n",
       "      <td>0.017383</td>\n",
       "      <td>0.023972</td>\n",
       "      <td>0.067102</td>\n",
       "    </tr>\n",
       "    <tr>\n",
       "      <th>cont3</th>\n",
       "      <td>0.001609</td>\n",
       "      <td>-0.419712</td>\n",
       "      <td>0.334487</td>\n",
       "      <td>1.000000</td>\n",
       "      <td>-0.329131</td>\n",
       "      <td>0.060931</td>\n",
       "      <td>-0.300509</td>\n",
       "      <td>0.106904</td>\n",
       "      <td>-0.309783</td>\n",
       "      <td>-0.406743</td>\n",
       "      <td>-0.289756</td>\n",
       "      <td>-0.075415</td>\n",
       "      <td>-0.103735</td>\n",
       "      <td>-0.386521</td>\n",
       "      <td>-0.065457</td>\n",
       "      <td>0.058936</td>\n",
       "    </tr>\n",
       "    <tr>\n",
       "      <th>cont4</th>\n",
       "      <td>0.002131</td>\n",
       "      <td>0.273705</td>\n",
       "      <td>-0.005533</td>\n",
       "      <td>-0.329131</td>\n",
       "      <td>1.000000</td>\n",
       "      <td>0.123526</td>\n",
       "      <td>0.152752</td>\n",
       "      <td>-0.077045</td>\n",
       "      <td>0.324784</td>\n",
       "      <td>0.261927</td>\n",
       "      <td>0.204139</td>\n",
       "      <td>0.063961</td>\n",
       "      <td>0.073291</td>\n",
       "      <td>0.155226</td>\n",
       "      <td>0.054703</td>\n",
       "      <td>0.005522</td>\n",
       "    </tr>\n",
       "    <tr>\n",
       "      <th>cont5</th>\n",
       "      <td>0.001959</td>\n",
       "      <td>-0.059012</td>\n",
       "      <td>0.150737</td>\n",
       "      <td>0.060931</td>\n",
       "      <td>0.123526</td>\n",
       "      <td>1.000000</td>\n",
       "      <td>-0.179084</td>\n",
       "      <td>-0.241272</td>\n",
       "      <td>0.010438</td>\n",
       "      <td>-0.071764</td>\n",
       "      <td>-0.102531</td>\n",
       "      <td>-0.222244</td>\n",
       "      <td>-0.192571</td>\n",
       "      <td>-0.140272</td>\n",
       "      <td>0.040552</td>\n",
       "      <td>-0.005358</td>\n",
       "    </tr>\n",
       "    <tr>\n",
       "      <th>cont6</th>\n",
       "      <td>-0.001971</td>\n",
       "      <td>0.698556</td>\n",
       "      <td>0.023692</td>\n",
       "      <td>-0.300509</td>\n",
       "      <td>0.152752</td>\n",
       "      <td>-0.179084</td>\n",
       "      <td>1.000000</td>\n",
       "      <td>0.541975</td>\n",
       "      <td>0.415008</td>\n",
       "      <td>0.716613</td>\n",
       "      <td>0.770628</td>\n",
       "      <td>0.737495</td>\n",
       "      <td>0.757105</td>\n",
       "      <td>0.783604</td>\n",
       "      <td>0.067007</td>\n",
       "      <td>0.027955</td>\n",
       "    </tr>\n",
       "    <tr>\n",
       "      <th>cont7</th>\n",
       "      <td>-0.000155</td>\n",
       "      <td>0.341478</td>\n",
       "      <td>0.116222</td>\n",
       "      <td>0.106904</td>\n",
       "      <td>-0.077045</td>\n",
       "      <td>-0.241272</td>\n",
       "      <td>0.541975</td>\n",
       "      <td>1.000000</td>\n",
       "      <td>0.150403</td>\n",
       "      <td>0.341759</td>\n",
       "      <td>0.465418</td>\n",
       "      <td>0.672188</td>\n",
       "      <td>0.657310</td>\n",
       "      <td>0.322415</td>\n",
       "      <td>-0.037135</td>\n",
       "      <td>0.067234</td>\n",
       "    </tr>\n",
       "    <tr>\n",
       "      <th>cont8</th>\n",
       "      <td>0.002112</td>\n",
       "      <td>0.373340</td>\n",
       "      <td>0.081049</td>\n",
       "      <td>-0.309783</td>\n",
       "      <td>0.324784</td>\n",
       "      <td>0.010438</td>\n",
       "      <td>0.415008</td>\n",
       "      <td>0.150403</td>\n",
       "      <td>1.000000</td>\n",
       "      <td>0.429986</td>\n",
       "      <td>0.362336</td>\n",
       "      <td>0.296598</td>\n",
       "      <td>0.323042</td>\n",
       "      <td>0.475072</td>\n",
       "      <td>0.100645</td>\n",
       "      <td>0.014698</td>\n",
       "    </tr>\n",
       "    <tr>\n",
       "      <th>cont9</th>\n",
       "      <td>0.000030</td>\n",
       "      <td>0.794003</td>\n",
       "      <td>-0.046769</td>\n",
       "      <td>-0.406743</td>\n",
       "      <td>0.261927</td>\n",
       "      <td>-0.071764</td>\n",
       "      <td>0.716613</td>\n",
       "      <td>0.341759</td>\n",
       "      <td>0.429986</td>\n",
       "      <td>1.000000</td>\n",
       "      <td>0.725053</td>\n",
       "      <td>0.575095</td>\n",
       "      <td>0.605091</td>\n",
       "      <td>0.628391</td>\n",
       "      <td>0.081992</td>\n",
       "      <td>-0.013029</td>\n",
       "    </tr>\n",
       "    <tr>\n",
       "      <th>cont10</th>\n",
       "      <td>-0.001652</td>\n",
       "      <td>0.725040</td>\n",
       "      <td>0.035101</td>\n",
       "      <td>-0.289756</td>\n",
       "      <td>0.204139</td>\n",
       "      <td>-0.102531</td>\n",
       "      <td>0.770628</td>\n",
       "      <td>0.465418</td>\n",
       "      <td>0.362336</td>\n",
       "      <td>0.725053</td>\n",
       "      <td>1.000000</td>\n",
       "      <td>0.677570</td>\n",
       "      <td>0.701872</td>\n",
       "      <td>0.650809</td>\n",
       "      <td>0.047727</td>\n",
       "      <td>-0.021143</td>\n",
       "    </tr>\n",
       "    <tr>\n",
       "      <th>cont11</th>\n",
       "      <td>-0.000484</td>\n",
       "      <td>0.565717</td>\n",
       "      <td>0.126024</td>\n",
       "      <td>-0.075415</td>\n",
       "      <td>0.063961</td>\n",
       "      <td>-0.222244</td>\n",
       "      <td>0.737495</td>\n",
       "      <td>0.672188</td>\n",
       "      <td>0.296598</td>\n",
       "      <td>0.575095</td>\n",
       "      <td>0.677570</td>\n",
       "      <td>1.000000</td>\n",
       "      <td>0.825869</td>\n",
       "      <td>0.558546</td>\n",
       "      <td>0.011074</td>\n",
       "      <td>0.050996</td>\n",
       "    </tr>\n",
       "    <tr>\n",
       "      <th>cont12</th>\n",
       "      <td>-0.002075</td>\n",
       "      <td>0.600041</td>\n",
       "      <td>0.092642</td>\n",
       "      <td>-0.103735</td>\n",
       "      <td>0.073291</td>\n",
       "      <td>-0.192571</td>\n",
       "      <td>0.757105</td>\n",
       "      <td>0.657310</td>\n",
       "      <td>0.323042</td>\n",
       "      <td>0.605091</td>\n",
       "      <td>0.701872</td>\n",
       "      <td>0.825869</td>\n",
       "      <td>1.000000</td>\n",
       "      <td>0.565462</td>\n",
       "      <td>0.022697</td>\n",
       "      <td>0.047809</td>\n",
       "    </tr>\n",
       "    <tr>\n",
       "      <th>cont13</th>\n",
       "      <td>-0.000577</td>\n",
       "      <td>0.570382</td>\n",
       "      <td>0.017383</td>\n",
       "      <td>-0.386521</td>\n",
       "      <td>0.155226</td>\n",
       "      <td>-0.140272</td>\n",
       "      <td>0.783604</td>\n",
       "      <td>0.322415</td>\n",
       "      <td>0.475072</td>\n",
       "      <td>0.628391</td>\n",
       "      <td>0.650809</td>\n",
       "      <td>0.558546</td>\n",
       "      <td>0.565462</td>\n",
       "      <td>1.000000</td>\n",
       "      <td>0.103839</td>\n",
       "      <td>-0.006642</td>\n",
       "    </tr>\n",
       "    <tr>\n",
       "      <th>cont14</th>\n",
       "      <td>0.001940</td>\n",
       "      <td>0.067294</td>\n",
       "      <td>0.023972</td>\n",
       "      <td>-0.065457</td>\n",
       "      <td>0.054703</td>\n",
       "      <td>0.040552</td>\n",
       "      <td>0.067007</td>\n",
       "      <td>-0.037135</td>\n",
       "      <td>0.100645</td>\n",
       "      <td>0.081992</td>\n",
       "      <td>0.047727</td>\n",
       "      <td>0.011074</td>\n",
       "      <td>0.022697</td>\n",
       "      <td>0.103839</td>\n",
       "      <td>1.000000</td>\n",
       "      <td>-0.006609</td>\n",
       "    </tr>\n",
       "    <tr>\n",
       "      <th>target</th>\n",
       "      <td>0.001347</td>\n",
       "      <td>-0.032994</td>\n",
       "      <td>0.067102</td>\n",
       "      <td>0.058936</td>\n",
       "      <td>0.005522</td>\n",
       "      <td>-0.005358</td>\n",
       "      <td>0.027955</td>\n",
       "      <td>0.067234</td>\n",
       "      <td>0.014698</td>\n",
       "      <td>-0.013029</td>\n",
